5067
01076
60923
79370
58717
87505127
065070
2645520
57654607
0229
2303
3256
08498342
71025
3996
11740
941302
90195
188198
386688
14037
6689169
03145530
37111
5550
00267
408997
8024423
935502
4766674
82699
5397
86728503
91805436
340380
3383
0791445
510403
3411
6464886
5576390
73084
39382
81131
08555346
9339135
47134
29734
4684
1361
83330048
85467
026447
10539
4719392
8217
39930
2407
858780
42854874
50031
6396623
05028929
70760654
2108841
88381421
1883429
847883
284944
2958
99454679
35752
53166418
8399
431426
3867762
78357
4083
82293
36955
74191
32460
434957
5316201
6152
78577008
37140
76780
076316
4986827
215305
2452472
40136750
87318
19767938
8437785
1839
56372
6214
134519
779545
12664568
0360235
84862
34625931
28274
2175
636775
09880
18757
87880
1046468
58254
12274
2105
43104684
989482
1609232
5626101
04872
0990980
1422
6557400
4545
1105020
370518
10112179
16926596
90795
91306033
87725
781026
955993
6041688
83608
3882188
7577
67028
053684
9065
4989723
9907
11667708
9107
648410
41220
06223876
781059
161580
4709788
7828
30124787
47783784
8180444
3374
54745745
73779206
2471354
252411
385276
6220
630477
28049
365157
841316
68461
802157
23012216
3701570
47775773
3269
97077
17803971
45987
339754
1529
15678
1555
3938951
2745026
9654
327912
9976
09072269
7485
3500152
3291
233075
10686347
1366040
922721
09400
64999
774576
47900240
3971461
161135
92373
999867
3181667
253023
408144
6183
2982
45633741
09603
49698045
019239
9191
93518
0936
1655
00382
952124
832293
68053751
2029
99703
134040
6745798
2003
8027708
3435
9266461
8608871
39221
60446824
69365623
88830
16864490
8206228
9232
72128066
8452
0390
694807
48541237
1463129
6474
83626
573935
9138903
271382
29632912
63172024
8380
74060524
886765
4408895
9767
5557101
85620303
5828799
277547
25639
40709508
8850
32314384
12206
2661675
199914
27066467
03167751
8173228
84678521
05639921
54995
1901
76367849
15140
1633
008868
02063430
80997414
5454410
692336
48390205
5117420
38174
1397
78648081
35549
69362077
08951
04943
6177062
2892994
9706168
70518
8505
26363135
0369238
08470274
77070290
26764808
7864450
55205491
17997147
4953001
40131
33274
8841294
5035
395695
5941328
688789
776012
7717533
1516966
0721
8016
997003
844339
79707469
5919
93154
483924
41455890
6977
2078
53661436
5531660
036564
1772407
2117061
33131
335491
6463089
292498
236570
454755
35732060
0274
3210135
83291
412417
95174
81898
2180
3855
7575652
2874810
2106159
85158526
19968123
583738
3071228
77146386
932834
3088870
6471494
3792839
7357
650787
89735089
94447
4262
271778
42722915
7645087
67816075
33207313
2955
56561937
45702
71036
11170905
0281526
45909
47262
341942
1106
1239576
26761535
94020011
03196403
183849
802142
21555
8100779
86811
1679647
6450
649530
7326
9102
6265099
71750024
85466780
58037
25817
72163
3353796
08869
091295
99292978
556601
152752
29931
29436562
8377326
5620456
7267859
4889162
5857
96523
8863
575287
5930
4076
7278525
2634818
19108
2024827
2878
017982
0037420
220613
6138714
65703888
838365
09852
45571802
04896417
69402
20547321
93791489
2384087
7775
206831
4728
2679689
66167067
31473359
92188762
42122252
156172
8195346
072722
2116
1763461
0192627
76922943
2396606
86466909
6994968
93565
0505907
04333434
00203
95713504
2316157
75741330
5346
9373582
13961
38157
97301684
1931
7033758
96215
0941
8145466
74860
5244109
99367874
4057026
4646208
03476
0789
210388
51912318
71117
0928
94226
19547210
926289
88981952
7721
9560952
5198
97400760
32257
012446
3417184
01037743
64761
4038458
3177233
636745
60130
606553
03896635
886600
36930
0935
6583
6891439
33304
800178
2293342
20867086
595868
477878
36111189
12120359
3955876
38434815
93684
93390
5110716
43983
9457436
219760
4688
851107
57968
80035583
23390
4352
01742269
94474
73289
36858
8809862
727802
5131780
37890904
1117770
82283261
82122517
2169837
58405
843077
4345424
2782
88034856
40495
7684
463954
566138
72466475
91795458
4936993
1452
6607
7383
2804
3242
756085
5909349
439562
34601
68006
78680181
01554151
57157
35063
400809
76525382
22968400
3349
79609
104190
04165830
4188
26354
8254764
899399
4006232
8019181
89709536
37976
6457560
545921
34535072
8703513
3174
3589833
1196559
26863434
765122
13769
18466
94919
54157126
0393177
4768
8814538
300343
359938
61953837
093299
94563
939534
3774210
646877
9187816
65092259
4934
557644
0825431
77971460
48066302
7817839
87454
8178
3722
320194
75422
11920267
55257
14632
3211930
54783
0730
07484748
0294758
82700
5668705
1218
0173
16128
83794064
67719342
1192
5898
095380
1756155
53706
9697
81445
837628
0459673
3348
892879
483502
86544300
20089906
5601
3064
729499
6033
9723860
582737
8713
640127
14466643
075622
90071588
36647
8087724
9306984
68707
37596
08455
4642594
2632
0962658
576200
817998
4979716
50763
2340
37618
62366
2598
65803
80050
08561523
647925
44699
827566
77798702
83406137
719617
957403
8974822
7189
1004020
075330
48263
55736278
4976568
1403765
9560800
8858
78383343
95777
67961
88583472
4241
2979
3077267
6694
8250920
992662
47274
974025
2267
88349931
9864259
69704
378668
3151
518182
978221
2574193
07473
20778
327264
1419618
7203169
4241480
9031777
3052
8956912
095970
6485
7692566
84351
19959
75257207
0941
1204903
16995
8407
91338523
99778
50564
050530
82064877
58623
087377
650657
56130864
2454944
1728
378885
03203936
71263
26597
6064644
4194
262733
43544
98413
7422
304668
49636184
106528
1005
79424785
9005
6263
2046118
5507665
01604
29928
852572
1100
10511695
00322
1978
63776637
89123603
2351336
2462
67327
38261
2802144
41989
02091696
14480728
18992
1377649
3682353
08829891
8461
74898
43910
5283
1604
37783045
772954
863955
39148051
345406
0133
29213
3485
9343114
61140
96352
7880982
49555
3135084
07267355
02203
927430
52241
243610
44919
226487
041404
3640522
12787
16513924
0852
0982
622762
3144
2991158
78109803
6116
3547
20296
04316911
700535
06096
2303718
9011440
59280
5228
3771
1252052
5964
3063
6097
3094628
2097172
11074576
0276410
9985855
05554
41117
66479
87475
728908
45914969
1790253
60522171
27457951
6298
28706572
0778153
4656390
6228491
8229159
2243
3921724
96393456
661844
2596453
449708
08990072
06345042
906016
73619926
7186905
4547
932519
97694142
4537
817853
10823
8991
696322
938228
3961105
22020
1472
89421674
7261
28651
2609883
4843
89998446
3826045
1812076
8144613
84890
88363
7794
33574287
71951193
4931165
957658
7973091
18604322
04831
7994
2862928
4010425
28691189
782146
73228115
3678
6714
0810423
067742
31913228
5521205
4487
29600
156229
00241135
5268
9428
83518
986389
851820
0555
696928
5277947
0250
8404251
16124531
244842
009647
97783
3027863
87613850
38607527
42459
015061
1689211
36058
7547295
3559
758642
2441
24965
00429236
2264087
49557351
63774233
28369
68307
678586
0339207
7951
174125
6602
00365336
31259
524346
0558
20494
1728
489957
04422
80388707
40223
068824
11013
79079832
7764817
2278208
0883063
7996
846980
8538274
363071
800461
60484
5373030
24558459
03844
999246
6635
53749794
1983341
90340
92600
69362
3636642
75140
351790
3608335
40060484
7533014
85666
13098
498278
131663
421489
04326912
1070584
92258308
1696
3626
08089230
0197717
1043697
4060
9464
4292145
00274
330005
73555517
6931
01397
6386
14034
9083
90229
4661607
77976
9577213
63473352
3628250
13322427
9647
458388
44506571
89821440
129382
3313034
9432824
48607278
4612
63922
690348
0446554
8576
226371
69322
81265751
54393
540355
012345
82164084
2646959
629224
94168
65401
60903103
04747
2336880
520227
1709863
8288413
1262
31319
74770
1306
1296179
23374
3755021
5043
596557
69383
99477367
3578784
0642909
1145723
908626
96741
09530378
3853966
3228
765943
55525344
3212298
76242336
36184427
38041265
1896780
181731
1608147
0375
93271
2342
07509
049787
346155
633539
4883258
176432
020631
510631
57335
0405
0649
476492
68230
4049
3393
7052910
0328
15684064
995397
9629799
17040
648747
056231
5854
872520
6160
1063452
170026
61963156
907250
3694739
15238122
8925426
444603
159406
3704
85859
88462
3449
0892
292247
92520553
556344
41800
45541727
4032
49896
7728
032622
0936074
585467
204015
1924
9485656
2715474
91137682
42689
42208760
14272960
463867
835777
9690
15374389
4687953
2293730
65325494
5845
8140
4575315
6984
5425522
6545
73140372
876389
06622
837646
1260011
2185
7146243
81912
90908
112034
0565501
1163751
34379628
15673879
29716
21697
0510
0860635
9031
6188402
81573
0551965
89319
81987465
4571
64022
0143
2658
299314
4715
9730708
45895983
9989
5478
76898
1066531
642254
962600
4252
7861301
359034
913158
08479
1470661
71625000
7562
7225
86624
35835658
349854
85675899
5308207
10156
8824
68173867
3823
859228
4963156
03901
97493
596269
432170
0209
9447
344841
1831
84312869
24088855
60651
69358
37005586
3998286
29507468
112847
50614472
240644
98561
0945
78833872
7202
80161361
57634
297019
41128461
6347
83264
8861
654064
3461
0015
797762
624666
3843
6043
6348
563284
81488
56285
24338
96947468
35880
61144517
8080247
77386
50136650
95035
00264
9022690
77466915
14330
4500
33301355
64273
999933
17823976
10024435
823693
08486928
32404498
63529
2716386
8057
7429487
50743859
90127514
133261
0958085
65866251
961035
51801
471589
8256
761918
70215
05344821
75383
489516
50195
3145491
0009424
54336318
9789
9977576
45957306
42090
67088581
29707
76612141
40365
2351802
0459388
4331733
5408
085473
220446
4062
15670
03913858
51270070
673967
91574941
2271
7081
2555
8531233
4180
6716003
3776
4080970
9750247
77418262
35223194
4345
2238
550933
54252
9838
13013
26316
191188
70621
62599
6591
138683
214935
888852
84404483
9780
955228
0786221
01293
43098221
833205
319509
8754739
4746
158763
9532430
59777
8902
576576
5792
17961
078236
51247008
6640188
4783161
20529813
73888
13991946
44750
71136750
25738
9254
6877589
05669288
7546854
07411
36879628
8453817
333100
327248
0782
78622
14639
50503
90937298
5646189
76269
259981
20717378
57891387
56425
70998643
92413
1215
12888327
43761345
12687
083318
75996267
00646
640554
0587721
810548
8706
78113
986012
92691998
2228847
01463410
17054
62685
13990084
490356
3851836
0093
8523
730263
205786
53510634
9558050
3534349
5363
4533246
708558
21255441
01255640
54370
44568007
9364297
80288728
9490674
70640
71350
8288366
57443
0921
10345168
13161
532941
4324182
0139382
5930
259716
390556
6704983
31906503
3551385
99040686
2120
49335
0592263
3427499
28916
824417
9946849
0181012
60317070
6188
162305
3781061
2430
86007
52834
5307464
95952529
08088225
71947051
4410355
083306
12035
78632
6489
141628
490373
49805
08196285
749373
5273707
1816669
517747
0758687
8182
7298
99717
275650
73698
97308
37017317
938296
485200
34761
026040
9879
59866053
3001
9624379
7481
7862
8960
817830
985071
6922202
449594
8556
77889074
51699
9711721
97882
8901
1438
55859
102585
4156618
7857141
42720058
17763
1075282
47720
79584
68498217
844700
449636
5067
7597453
75949
28224125
304195
18515
83241
50148
1069859
60335
6767
863503
23191
196990
65139
5608703
54620685
46476
792019
33559
0448
771672
419390
32901458
9241748
94977072
690628
46695495
5125579
503423
3905065
2766
477366
803032
874151
49642
75629367
3102523
76575075
79145
14497
4052590
382914
2684705
48414081
48645720
149379
97368
5108809
6018
871993
06481
11379637
2389
8136
2731
896564
2641
1893872
09887049
43319
1348459
90424
8753
5133
0575
8793771
9803
9655293
4821930
32259675
23850
6601
0347089
69051046
7078156
853811
867843
3530274
3313
47983
0549
28962913
7563
5819
530971
4569286
0123
6096
7731320
4446
2320
0199423
1457165
34674916
36824
69866
42583
22616910
5867581
5832
933451
6828308
3494
06211
2329
2236
6701482
24142687
64406421
4421
15736265
58270347
2612
255023
66447955
52437
834070
5502183
2531
7143998
2281
56250653
3873
8168296
0326882
9624
532231
1603
83498158
83547
11516
238488
0391318
63895054
1120496
661436
4344
609573
0458692
8080
31205
5753
7015
42462521
69469
2325
920679
60595
479712
976981
2457912
8058561
872727
35521
9462
51472907
0367646
9950
844047
32828
36019490
3599
46952
546077
8283
3654
7150931
7304
6347
8846
110350
2929445
98227
95844029
00422
8192042
300641
239280
7103609
11273
9822633
47047131
9086062
73099
5908497
9074754
91116
0594301
1324404
93118
9961
49160384
774842
0773
89202
46185
02139964
28446
30797792
2612035
33511
6823319
42946109
60437
03719209
1535555
1197646
5033981
3055875
21946918
54670
525159
6237702
62391817
262635
94312434
6862
8713537
2374
414617
411301
59714
09854
85631708
6904957
9487
17767365
89927758
558996
1040
569900
917668
9980
493560
62429
5840
83003317
6023897
4378
4436494
170393
0611
79357460
540487
26039
5761
41479
3077
5299342
3913
6979
95803534
66591
67608
4845
377239
1202422
395688
135852
21420109
219523
099977
3235
54458
08720620
93333356
48839084
5115666
26282
78281890
809087
0066
67854570
6478
08451302
8927
44436385
029300
1080056
0535
7507681
23675
2628
599206
95471377
1094099
5772928
0741
93294
3972346
44913880
4543324
4884
2607288
15581
083252
4892324
898179
68647
114343
850528
0659289
96940699
16426
088327
1160642
2680116
13748
6988775
109881
1201159
15545964
2214573
51269
61242215
941657
93344641
4088862
214325
4001506
0461
9933
5627580
6140555
17036589
8605210
574309
5077960
5166
9233
61177689
30009
3934
68234
132584
1979
1227356
9800
2351449
54496619
5830101
58163484
29601
6820
43651
02599
16318693
31706
32248375
651878
7921
581574
48407
999573
892691
9529662
22196007
27939
464120
16626
11136197
7000
85572256
911885
08579
27797
98879868
766087
512416
016729
7173699
30004504
1574754
465454
77055493
44102
0907957
91293
37664450
341873
499423
2651
5903119
5805
95149428
6047271
42598044
141301
2374
457544
920198
501773
3442652
2170
8951177
2761
2047526
92978
8985
473002
73833137
2156
784425
065415
05450901
5892433
849198
3605502
7443007
3317
61403
63642
95955574
415842
30133
54965834
5312
807842
89805
5310358
0764155
843195
661634
179539
801797
914636
4649
9934
169779
8402149
41378
553825
678866
9710
51046410
1964766
48403674
3160900
2802166
183203
6738743
188037
73615
5779685
20739
8189409
4182
04019099
97194
8742
695247
33876
2107
13814198
65800324
9243447
77674552
191956
8488154
11513391
05907628
43681963
73529
4845447
75162
7282747
90098
55331
15784
4992
886533
27246
36957
37828750
87922796
87394
8769887
60224
32695
4625
90248336
40849
39225
09191394
255873
063340
2164
3146842
7422
84613308
7774532
00380767
962212
29602083
0352505
371919
1644979
42982
1316031
36098688
4445215
5017394
21386602
76977767
03015982
817154
53382
228163
881821
70904046
50170
2583
94893
01252
695136
09449669
995491
49382015
03505384
09782845
052316
2838
53121
0562076
96760
804252
2437
46212195
06922
420169
454780
286928
95170
9719324
146430
04583
748606
566550
2553119
42242862
0854353
7930
8636203
825648
757523
495903
535215
9560
14311977
81383501
826287
8559
23789641
94297
1996500
19212
326932
43390
4078
460746
6967
28013
51822
549650
81311
8574
14672062
18680403
2683620
13112
26314
44943087
775607
61802290
3561
6710497
227763
87432
9428
86185
1057867
41513259
64762
1132672
05096
69306
2377
54871
950683
8898
0130622
9629411
0554054
2097661
5640013
3660
76022835
0659590
202247
7637
03173315
7032259
55918
421747
86288
56918883
2633074
40555
3735331
64291297
9133697
12341370
81140300
094101
7459
5965509
428066
2237
29236
7041
17752
1979
09851
461035
6578
6247
56979
3505977
5833309
3237
610920
8877888
28985
89209076
0661
25292779
38920
23588
6000
319997
68484
0209
2368759
2908111
8260878
586446
84283
706412
67663008
64212
50162405
9074827
91331479
00509
0806758
4685
5772325
48705521
94525618
8675
18629290
9439
2052323
93847522
47052243
57703
74215
22320
80691652
10133
446175
5702878
86238
5234
8395228
42866
5336871
0763
2915
32489417
95753
0664
61790372
779510
1599720
1262
1401
041552
10758
345782
28475
64347
57791
1063
47102719
7810848
06541790
65765
24174276
1680
1421994
107089
184948
703403
5822151
48969
7568
0991
37876
95108865
22216
7670983
5068819
5345
13465418
068859
2594
56387401
46809
983310
4406824
92843
34559447
42030169
26595693
8644782
914904
386636
027074
0334748
43028
2518
6127
106661
6322
0007517
9651806
28778
23877825
2567127
1582
2504479
993029
7587
94291863
8693351
75217121
824506
6713232
5812382
22759612
75540307
5078
626219
0386114
188767
28924421
545111
34879369
7353
61759531
166456
81430037
07062
02745
43664566
82469
44904375
055931
9503596
62876626
1243717
84897
241789
3668926
8454538
546231
113144
99828548
8457638
9879
5301
0605316
57553038
404796
6747088
85543
3882
38577683
35164926
3905
701267
3270
2447604
77779578
3169304
15934
0289791
06596635
3450762
60063
35345978
66513097
6935
27917714
916295
51772
50800036
723595
44983141
23014848
93112349
665059
35971365
3714636
02915
334066
735132
3223339
055825
5325
24380
984756
877376
1521
44302
52793
3152072
2567997
714046
14094258
12843
6495302
41543703
4934643
6521385
26434535
197767
9419
2775628
1564802
52393723
28891957
84742
7304796
5771
5007835
328303
5982363
08913324
4851909
836101
9791
16270
234254
939130
282929
5475
82382457
23530878
8789217
21572
19172
79707
005956
5067088
769083
86600809
316405
2073
441019
552907
5698
49148655
1708153
7463321
693489
8074048
7472416
150677
05013
99419
3328414
047572
7993
456656
6955419
96814835
87793173
6688052
7678621
39357992
407866
669991
67338956
76354153
5774849
302317
34531
016382
941581
0912815
7993
69390
52374
781554
38257940
7548
98006
47707
49824
36569
2911612
057200
734963
49016849
08643617
3116530
5557
71950974
657131
1279
75856
553606
7478
034202
4795
8238
32993
49715
751127
7894402
863456
37386009
2876069
27085
51287780
7515416
805038
0807622
891267
44417453
45057
12332120
1474943
37278
706231
5822
802199
0664
9054394
5673
264622
27010
75881
7916
86815149
4552124
8568393
1231669
6217
6520568
9367
462627
4838093
37864
0180761
591290
88257545
43499
894174
456425
63105
8133267
01733376
33263048
58962
8252423
718058
99390
3229
81147
9841
71101843
6936701
145641
5510
1881672
7873771
6997446
55752883
706500
55968684
68321125
3347
22633
6966
6080
512684
5934217
6695120
45597625
71550
9269782
30766528
4453
3616
345969
7635
668544
95018
4366281
1172701
19676665
6461
6501
723351
9529094
05473
7870134
672015
63030
970214
2959
2669233
8198505
931430
2197135
1810439
0869795
70249024
17732422
023353
6673
35514879
52519490
27397814
6816637
87482
2535252
7229889
68553180
96187
9407
72751
20982937
20049736
01881122
641255
151848
8119
33162405
953623
690809
26535
81518443
48944
9229654
5191
62253
4206249
9985
47954
8400660
96447417
42359603
3578
6501399
0617282
39051
634643
418573
0393
7661429
4996
361997
294456
71498
092380
2083516
1982
84922185
8324299
81410781
4853
71756
5838
97369
3175
581028
3201332
62569642
5430389
3316
30095
5762
0385874
5990
68728818
74524418
8969915
86362
4128
123791
848656
0702
7716
240734
4324419
06234524
89983
5230510
16811374
21677997
226044
3393
1300532
55526
6345821
2305118
1206
94096890
050339
18392874
99034137
37227941
78672
0319710
04837
82319
35216439
6400
54338
994728
85834
5230613
20238
76800
8467
28930580
98879446
056710
4812343
98496
2617975
34912
59328
4293
97713
47789
53936
56471511
04748
6742
78527302
64596
43289482
09400
6228354
429545
994164
4409
445842
39623935
4542553
88200200
114159
703288
4016
244627
82347631
277871
8732
8131007
3003
13652993
3304516
86522045
96697
628188
333046
96338443
04783
4205129
84224
54045168
1398
9919711
9941
56457
1575
416161
6648
3353
90645
03643458
62650
660049
67897
761994
8640
34798894
89828829
2011
425207
48775788
08621
3863477
185739
05932006
100301
90736
920703
70856331
072588
9031
437414
135745
650440
1859
794036
746926
12878
43138482
0855
87756
2678959
3292
5224
4225936
101928
35280
13313903
1697027
891487
292087
847107
1280481
7618511
03490
237567
00309194
38134822
9918
12587
9887
27914825
4788564
89589112
89845
936087
1891398
6703055
6920
6023949
321715
96933
956009
46154
32442
08053953
7182371
8384653
1686
0649
99995346
7340
2233271
6698493
46066906
5426893
4162
5832
9130
785605
007041
21466441
38416
287736
219043
7731759
5308677
0568890
1204140
4927152
8396903
738164
285247
8153629
03790
8282
94800
3237
93325774
2646
7245
11249
1452
7440589
5093
280027
8784
4573
14858260
8939802
18537
3379936
562222
8904849
8962
05475904
34174
9753319
034241
647353
9446931
4496
3073165
712073
95484
85118
4428712
7689
81046393
70807
7434
418976
003689
946848
0949676
615163
2782
93517098
2081
3335
55298
5292
060312
09146
08994
7151
11726564
76616
360055
9774298
07517160
2895
84847
63839911
76206640
5568856
32893
1483
74124
27351675
61049699
6038338
9134505
28027
77416562
62011628
97627
9652
76638889
90236
27409212
5450
6724
35393
09508313
24100
34573
68176
48822218
0292077
93703338
1373
45847
6737
28567
0383
880675
6256
13160
73552326
0271
12040
008158
1972
2104465
37603102
70063867
194542
323659
2828
52986729
1054092
75842365
00910
16821
1091
44107
5338283
48417
07659145
4221767
39168927
156027
77326798
90261
2632240
6945653
3909
26933449
5200
46218
58776825
00484460
91789115
05665973
8696
3856560
4414
961078
82442
1020
73896
683926
37285
10695
41064056
43288
15645
610191
21933465
78288799
35413929
6738
45894
45268
31034905
0934
4807350
1258
825232
18772226
24697507
35138315
988274
35619
3877
90439884
464375
10711
08588
2028
5705468
6613
3919124
25525594
4945
276372
67679714
69264142
366514
84053
3470890
5903
4267
16235704
9364747
19114
009854
286866
208432
603913
556388
987622
04745115
831944
313860
7943617
2458481
4775
1061
0911019
82357
22200259
0948966
920321
3251
97196
26093353
36211
9702166
83522
79210962
258833
153725
98031975
49391092
19124
6517154
0658
96748039
00456664
12780848
45024364
60220256
26920
67365
10999
56789730
2772
6023
09612428
110526
17668
9656547
1885003
2506
811566
389968
5600
1133
0603
9955726
68377
474242
393910
83914900
07658
747320
28746583
94449
08567
8628
04454
69680
6824102
579985
94216
5860709
01406031
9606098
63313
93293
9347164
467296
6144
880391
600444
8523
73205393
8070164
21628
0942537
54636
97629220
34043
19337
0264
09990
68724
031464
35437690
5633
7681908
7492
35613
1026
330757
800489
5434
3954232
01280564
4535
46536
68770
0318980
0928298
1783
1096
56409
234544
1204
5645864
00169
0297316
576567
1477831
759259
4115278
712845
90037
7974172
5230
1275
933645
7838490
56322065
8657746
10504970
42388256
71223
27328801
3652
605932
82240818
3301604
8119814
95682
8533
338863
6306
4913
9719
60183
35519
287085
84419791
0671
33865
6371857
80261
89553267
53979
23071
39448655
850527
558665
0530
3707
53860607
05985
15187
1205473
9612
36276
4609050
11824
1244
54765216
69860284
37211
562234
0216
6857342
50190
96380
6554
3805584
7039
3604
20211
10900833
9949
887273
2674
80203907
959991
12025
884235
00449
372511
2523407
1095
5333
3764746
30800871
9375
14804967
779598
84410
90833782
0369
048017
21878002
2684
82589
981255
6110235
8017
52283
8395884
1316
25043270
25257253
03840
45868904
56816691
3649
4071
61990
304179
382902
154527
737630
2168
53688
88130
554741
6582
263974
43592
9259869
1742185
02271672
3178263
19663
29220
99743775
46236616
7976
1136821
2896707
8225312
44323
64328108
26699
64914
60999
4741153
65881
782094
2042
226947
799291
70065
1571962
19587
6659
61326264
437693
0955
8176
579596
9023032
08496
64860095
06298558
3237
3810703
8728
1611
5991
8504731
98687
1803
71952
5735655
7752854
8355642
7625790
53078055
6593
7052791
32966847
6734
93960746
8544
285926
220152
69246
7465655
91901196
302055
2656
9638
67238478
8177
3896748
9600287
5624672
04108041
82054171
478733
61007
4729277
492183
7883
32339124
3897811
35553945
428122
51301
302795
5901958
8000
29251
29151
69120612
67610225
1475
6899
42485
86158
55649634
5608762
04811
5343894
0093384
2973
857967
3236197
8602610
1727
99779458
76843
4749596
74413640
42824
78737
5044
85028
20418
95111
8532
5179412
3499181
106933
4661214
9283638
6177
48259
7132
2204618
49178
7320164
84332600
00929
0466339
618105
38591493
160066
466980
7743936
400504
5326
07644571
44947
6821
8743
06169045
973880
001655
56001670
03444034
6845
54042403
10479104
3846504
8866
12709533
6388744
2823624
62069
0815896
41105
3464072
95389
582285
5817
7251
5236257
9021
9779866
9781874
35676401
3154
2260
6883994
55536259
4307
83783
9976
94599
7380
77005
012927
6203711
2901198
8915
7405
2227
6745040
8733692
0993572
8659
6242
3503980
85996324
3286
0532468
0487623
56669235
38441307
9885491
1852597
109965
9076
639411
8272865
4677
3093
967793
6973251
344272
701416
62789
550734
214004
87016
45827
959593
3003
5572521
9102
7240817
50785350
766417
98149
30601012
5338
7956
32694089
32659
4713
76243809
7239463
7104
705958
14275
590298
8424369
2139
497310
12683795
4991960
3912
9843
79372216
77786735
651832
15042
01021055
33087
772988
8375
9087419
97633
6763
12216864
24872996
060875
340669
9824
1481
85139
7850644
693994
7769392
30659
5552188
762264
81019
5501
11080529
42365484
0570884
9129
12305330
9341
9063
34234289
78907039
85475217
29320
8730
56224138
1888
43547
4757226
702612
684359
725473
34706
0971
372459
010713
0700170
176193
0214
45066
5939758
35359
943458
88904562
6073
83946769
875563
14468719
1366752
69903
22451201
2181
32399
891298
96494837
0190807
6799
8823
879591
2164962
73522
34206345
53724
1116
52953663
66460
3863
16743
550723
07216
6479
768851
50259306
9081
66519
85072
56370262
4966479
48023
49799072
02037952
9864
572642
0703
42507223
1861642
96095
26708431
92333024
7175
8774
4246265
15725195
97307
09158
9185
5878685
2146
8994143
4700
71826007
28183051
22359558
8250
91274531
3050
2791968
15242730
2500922
077467
9052051
35850794
3099082
318290
8308
8334413
98160117
313177
477084
57845283
71054
58636
19698
2348
1011021
158539
3477
789977
5125
38424136
9930065
5843922
56524397
712789
91708
78006091
95214054
670555
28613
26892
24712523
44767
2282888
91698
84404
1388132
8825
3626
87317654
16185
5486458
5968
10212862
1082806
251835
092476
9152
41761221
53326
39880
64849
74397
26373
857242
4319115
54203
227862
043459
35670525
7791
5450
3307078
762966
5921
3693
68039
513238
8214624
3761485
15312
1203064
0362556
6539
90928633
75105447
40539235
4032298
49139548
80972
2119346
51426594
30917
768325
44347
4766
72350883
1267021
69906125
32404
3130
4307
458901
74023507
16764828
2904175
47615
041009
6529984
2466962
780401
45273975
28349
16895281
1561138
0636
8708830
0154
70198499
25657
71464642
0836965
9464801
05863
83769638
40697813
13972521
02739
2897
04453012
884306
1017462
243985
7014
12845
0386
46432303
9843
353490
02209349
22249770
42666
744253
2388
7881273
54358311
609372
7682188
72053
9909151
9511
12085
7780
238129
4183
6427
2121003
61206965
095019
75177
5715977
5090
351943
259328
395050
8909
2906
2873848
47629571
438247
4512431
4932627
709021
884725
381349
639444
62324568
61499
8877
324448
752727
67922863
0499880
62777
28049041
03009
9703236
1012032
72643
35543
5802
766796
80548560
56671
58326861
838030
773072
08936457
97261903
7823871
2683
62947
106968
6667199
36589
89418
0068
54722
9395
279319
68941
504331
800315
1016879
952051
3803
0798
43166
69450
03556621
836453
62883254
51113108
84023
9226
7509
825296
6951019
6831
87806995
38433012
79246
733288
6668
33147
7093
2447497
639431
64639053
1276612
42516
49064
2293879
1246
43162
67986335
9100
9766
52937
045454
09204
8269
5800063
6350145
7750
67472
4170511
3733382
0818
114268
51493
91811
43502
547976
33533575
3880799
69851394
22257036
2019
28097
68345
2388928
935556
414203
3598129
06438153
7571230
0208384
77467
2914613
44898588
64209966
86921
84982
772277
2043
63359
0660
6409
81747
281675
8325
37364655
1301
23914016
273608
94245
19817
81693638
0136
158996
25656118
77793692
680992
9809962
867196
08626059
9512661
1350562
45783
809234
197346
0517
47233506
5849
3452772
951350
67885179
08443391
4081784
501075
55744085
35948
9935941
89290030
02487
162431
660193
6119691
3719
9123
34938120
7966772
1548296
8216673
139785
72386
1522685
84885
483172
6671
70664288
9160525
8280
8134
3939621
23091826
87656088
514773
347426
6847
28638416
71066008
68514151
204877
2575
4682647
93538
54796
32945058
5606
8923
4076
92106166
55972
523428
3244434
0830790
45404
96388767
6692929
183546
4195
77403
76734
3568230
517066
1709011
55833
554071
46097
39353
12734
99167
8263718
62098
9460
7769
344800
35172467
71509657
4427
64755176
3317410
29919
39655396
3363
39146407
7786590
6217
06350593
916781
6850715
175205
50965
501282
3252
06112
11659
752578
8787
8066
73789744
8244
26400
8233991
453796
283694
19996
437929
9216307
274956
0423799
14083651
4828
586226
02702
66596
74785610
1471399
468812
754027
0002
40997
00554547
76449323
78259
5040330
799304
9639
577722
35222807
831308
8998
2902070
8274472
40564
02431
893097
8586238
51009185
1617
73185
8023
02256291
98951
078896
12062
58954
267533
6776
662553
29775
753458
642128
44240745
87447690
268612
7806
030328
147771
60317
3651
24149991
7694149
007635
575004
625476
13254
29770945
7759305
7530
0071
15060501
93755
12886
99905
3148182
42662427
2332058
7667388
69842267
2295630
79477248
4249
19817
1866
4797539
81016735
6591423
77080
2049
493957
768656
7496
840882
115486
68336498
6725
7948871
0099834
58232
435387
87124186
74736
993061
77196975
37894
6729
62434
26315459
86060890
8579784
5956
526737
81600714
6205
555077
1154103
91619
449829
477211
947569
35419
279448
989971
150594
85166170
8568
80393
81357009
10169
8926781
8732
783009
0084
36414349
2926226
51759485
30364
618879
50841
61693
76744214
5428
8682166
90955
4559064
21355
06022392
4638
799296
2927
45401
75069
28806816
97251695
7679
64428515
2706
03737
9174805
0856
9703
9959
6740368
05424
67785697
6079
383871
2185
6312
71739624
95614233
3623
8667962
18119955
09769606
09576
826524
31422285
8415
2753512
19042045
823189
3969
8671286
1936739
9077079
5001
9717
97393193
9800762
27457821
181516
403523
61253969
544323
975921
032352
93356781
0758
27313
418810
52949
6708
7783
58467918
68786
514425
5994451
4593
3695
96425
8924
2317345
41786
2006
938567
527432
9795581
60615840
27456697
0889
7951029
1603
09167
7100
41050
99018
45672
263015
0603
7415
08456676
74525305
4947
6912
79288
660118
7732
6034
40052
8440002
56718073
197118
9201809
466783
91408
2787
7814313
16337437
3510
2856
619528
60553152
0476
7827664
5397
6474
7778
3960095
4043
96581635
33919073
7270573
475113
187989
47462
83974
3520436
098632
2386592
777795
6875
3205
25282914
62507
4006501
80075689
9286376
1108801
1883
24308892
74032
59799687
473097
61096
2688
9094673
1261156
691629
8275915
7064
53075
15456188
41595
58860846
05410
4300
4565587
6032087
057913
7752552
48059709
1550810
9859
4087454
436722
6494039
1467
91120
11179547
081800
48985099
1305923
21826826
16825
20318
00772
570922
045019
502596
1482338
87531760
04768
33840
08424
86743
421867
287040
732454
43243016
54935
53243
46084820
50468
5789
33866516
74262
122857
4751170
374718
1339753
9264749
03325
998093
958865
8337655
34863813
79078751
53538391
1887136
736703
1626598
2125
899558
11842
4960202
10596
695697
211444
982591
87346
970753
4289
648435
5677933
437743
29739
69669965
7448832
841488
3947
8830789
173198
86682
42595
26569138
23414
0233242
607733
20630584
35016042
22139831
66021725
038998
2118
18926707
639720
02670554
4952137
8805326
010395
3719603
28502246
9302
69951
6325889
7462
9172543
7111
77626
22046160
6341
412378
12878
5659609
1114
33587
8552
5187
69334788
8350510
84837
7345072
2638723
4869
589889
23477
68409150
10730561
1475881
09576
3022557
77516
6573
011629
55284
01047
49769654
890207
93540
03402593
544232
21031058
1942
66606
4863434
22011013
60545
22845425
3453
817281
86541
64580
09786
78170
25579906
521982
76125432
5717312
6366896
2903930
82763407
175385
31130637
45679370
08505
636549
3107430
57511
67735125
08331
36723217
22437
743432
5544
66823083
8822097
79613
273972
83385018
8660
781265
2276564
13264
07202
3171420
169816
01405134
76816445
938780
4335
8632
8671
6928573
29900264
3371
32366540
5155
709031
1684
7026
3400
4512053
2462
69732
14909
2716
03673522
84704
4272
7438
3891
7548808
2602
2006232
0894368
386548
9461
60638071
98279471
217124
88177
83026100
8134687
185822
4654
7830274
300679
367723
2819
849304
5569
9883
9123
3443102
6265906
8346396
10472535
90550125
29605570
7460
59038
121258
037846
924793
58872
0052416
73553
95686947
42881610
45735851
75316
17816610
6312
70289689
8298306
0732070
3349705
15109132
83363921
882548
8089482
87027
4393801
0507766
201976
9341363
21407086
451680
17093
6610096
5827739
107410
5856
94479059
96223617
859981
4226
62026
11175
83647
7962
996135
64063
91179679
67854
951106
17177894
6702357
895550
32336
39792435
6228605
349083
0362
2899
74800
097394
8977250
058466
95640454
55810266
579665
11137
9905
81915659
89347526
382258
39039108
1526264
7200
78266
6268
96545143
54758415
7432
18985
93995
2102
0720198
6162
143204
0197010
16475311
3668601
49192
1996
444028
6110146
16692631
19308
1316
2074041
86557210
50164331
3797108
1702
26074486
518717
66316
3445
13236
65690
67903
26236891
36015234
66785
47921
2408
5873413
08462939
389375
5731
62153
19971168
87586072
0637885
323361
719683
68751286
5373272
6619
87237499
2163
960378
06643
1308818
181873
1529
8827482
4888
11520739
85476657
586260
8580
0209
89416
36892
72707
95302564
8071
6934802
6078305
90544
576743
47573
0927
6597
960389
2201
31584
701534
45660
95970
2721
45607663
3142429
071500
6349
02714
90251
11028307
3129570
790703
8130
728774
389662
77485
00161
714605
22011
70347
19296730
102373
04231
15054
8811
3102049
60067
51076
3804227
19174075
6318
7922404
15728452
69899681
8746
49051
8284
46494805
0067
8255730
64153
706811
3226587
79380
3501
80932046
73070
618562
0014
9113835
5417014
6946
0911
87105
9572
9363
76162279
6166
76738
9505
89762
41418082
7518727
0875
8849157
49502842
891637
8205130
30108276
44052
4499
220073
535608
2177
70679
3351
73003
787953
7087066
888951
34128209
47873434
15121
94306
46492
117800
17067
970668
01439080
92121
163451
1286045
3517617
52167552
9861180
59505
11185467
1833691
433004
0886
12835
81469
91489743
7950436
13074
6776162
402063
7131755
98178
8600696
693994
3089
763413
25500436
9095
2862961
63684028
7858
82708943
9878194
7547777
167403
337861
671411
75988832
582450
92113793
8803330
345201
155553
824694
8902286
940828
09077599
7896373
762732
4546
4293
8303
63061
4909
60354
7511
6838443
38074
97998228
8852269
4953
04324
0206413
12628
7291850
585973
8536
23732
2752
108302
6102
123734
68628451
53872
1361
4694908
11445
384135
70896
939080
8162797
99980495
160875
5815
8530844
450963
94370763
273353
1458549
48676150
9966106
74269
61419
86410002
65656008
825015
972954
1702848
24221084
718755
5550313
1199629
3257577
8612700
37804394
773008
945279
7206364
5160787
28074
0829734
5753863
64981813
5875789
8321
3849
371345
119348
1902708
45468533
93665403
16284973
205129
5480812
4776
26050
786548
29214159
72618992
141901
68549976
024754
7367632
45088651
856012
5282
64035
24321
6005
5485425
9515802
693125
6932
69263628
85999601
7363185
6665
665091
38957
3172
61518
81556243
20735
112613
1426286
6703650
127392
47995
80188511
38929
052717
5985
59441
7132537
2166
68009833
42277
041553
1358744
004011
523031
4465224
6615127
566761
4606819
4970362
3026
29057
420050
48775
328204
033010
8016
9178
3536
1867
72841
4630901
5948941
7247
73559054
6626395
3077443
16672
20489026
5408984
21462
9616
67782520
990714
9707
9885
02063057
49409
968119
5940
1419
444392
4888
3455
19276168
552219
7975675
39599491
675131
85099321
84992026
50837857
786647
01256749
122839
66691536
4310405
94166990
8568
701570
16748637
05937470
56791077
288972
89499
91662
316124
60259
68135
4077
40703236
409138
73747
94926
80769
21795
35010049
7391011
48090464
751854
11763
83452531
67623149
75120
6351
13238595
2200
278056
199834
0931580
0225393
9543
52875073
460709
9564094
318767
4957
3669
7822427
27388
592132
47952431
4816
784087
4793014
51972
14923598
2390
71562
18207291
3762
9450
76815
1119
7617
450880
8894
20196
50116244
7820088
5294854
13498558
71080287
5016454
0056868
86725834
2071720
52477924
18645249
260209
3929
768719
21694
7640019
60677705
4115804
3612936
24744668
97902
83939776
09029949
5491
45516604
849896
97289
5877
7495081
53651
1549
33615
96684
33158559
191386
6917498
82920539
13429612
9568
60246
9460
40725046
28937517
44472991
85273
2303841
9611
105234
44734739
3428
57346421
06925568
76231
26049
0301
2344797
22095163
2161497
2098
8506090
59447
11945726
822201
8568
79735710
4999963
76916
8800
38907
70755897
94658908
20935
476953
3628
01354294
587214
6531526
3525
133263
55818
395753
9095277
7120
53722
5362023
8617
1387
714775
72712
1533398
8468709
83702
2693788
694669
39336
304975
4224
51499278
2269
554399
92155
254625
590359
21692103
9388
453704
85795363
9613
271129
8130983
551194
4595
77079
646422
1810
450805
52001
7553769
25518
9950
1115
54392
1529070
5008
40420918
2162924
8525186
0481962
84723537
92263
31500
4303410
3687695
099517
7777413
3305
3892
5696555
31803089
343838
661869
1776824
11633
98658129
36738889
7300
27953
12198
9059
6160
312721
045427
152463
4628156
1577
6868
20584
22982
36481
8462115
11304970
09655034
49383221
3720278
2863971
790920
3131
1410
7744
241845
6060161
547034
981479
3052
65290750
2643738
29540
3708
5804
894626
6407023
6060317
89382291
3200969
13010679
065601
841577
0353011
8291
179129
44593688
4818580
64279
0184
1271270
3173035
38442
4399055
04703558
87936491
361745
53789073
60697
166053
0266629
8938
0551266
20605
1201
9415
7834
278241
41725722
3504488
05774
7324944
48151
001835
1945
577220
05612216
7844
06719
5441836
5341
38312374
1472
361398
694541
5637219
7512
985615
5239143
190337
1708
5036925
4312353
74072
68874
0150
86302
7263001
79529507
9141
620525
01041746
2348320
4109934
67882149
35871149
56112153
0614
51926819
59932
0591
5854301
24752511
714064
46793
8646
3575
36441979
976876
6771800
2654377
8943408
2788
2382
5327
24155
95232
91353408
31804110
976016
3351521
08570225
6543156
7730
8334
1467
21159
7195
2771142
3845
27936
13880
963662
475620
1768676
30252547
943877
814702
608339
0032581
559956
75694
05788646
8529
7701950
3233
8343737
5285
0393
5153705
94469055
64843615
4755
81818
9338
8606577
6998
5610
335484
3954182
83966651
35309
9951300
987770
030652
4974
7422
6119113
3416
12929002
811830
2156788
5628
13095457
29654308
8861584
5914373
70652
058806
5168
1463514
5338164
738367
0307
3828678
9132575
1012842
948837
285605
524903
8646
266188
69814845
9183
87333
06787763
76033243
922926
3020
952975
10073132
049318
2493
9082476
54618054
184480
25203767
4728
74532
996227
4100462
5012
7099
98060
01706987
519723
962014
078302
75705
405915
82005
3714912
17803
48264461
13586
88624
79009333
3944
6555916
039766
27490382
35473742
76358410
4534209
2719
3760140
46785720
6221728
45900559
60754
4176
25850
53135
135876
4564738
58295
684161
820778
55595989
17343760
8535311
9560819
44377846
0473
16453
0588
612085
364508
3241
9096817
215115
70690562
1818
5312684
6019752
31164
39245
2139141
04205650
2557
9398
6249
641985
73107037
9003
900639
25054243
7504987
19080342
33777918
8508
686717
3190
64317
4903
83707819
932558
9916669
7764
35787
4395
3978342
023464
99297546
70872934
064253
8658004
08344
69407
31644145
68812
00891123
071218
832183
7348945
06827
90963492
8090
12593226
95826
8965
3697
07800
6243512
3500292
07237133
75666
64232480
80884
34181916
0844
23463173
144818
59581134
82924
190905
15524
312195
8354
32330983
180043
9298
37492630
65232
83677142
90045336
4088
34322143
0258
334760
536916
994396
641922
10849
3546212
319646
76953
92553830
88512179
6785
04411
15146
211372
08197470
98835567
16355594
64814
368189
39139
4728
9587
15735
46600968
1096607
0831016
26741
591864
529094
4756
86319761
5672
8007
160873
4213733
654369
62860000
4943709
109483
7880
527939
1181966
1108
1057554
01763118
2263
6163207
51789930
07264225
8864125
19002
9415
8585285
487048
8769387
037904
2783
9388706
4955501
4157
0446
76345865
9274177
5440
01841
0950792
2243311
9113995
65835975
511113
1570102
174892
60438364
81544825
2655
100309
268551
06587546
499728
923313
3478893
57875668
133617
1192384
59871761
00622801
6271
3777
2281646
243616
07600
17399405
047252
982280
4465697
3393
6614977
4039850
9407
58909
51094016
0225
0209123
717392
7501
674533
63443759
6868
74565218
38128390
769082
8061458
4153324
7111
533903
91029055
5572394
292482
0201659
7583347
059084
983375
41654
3860727
66576625
8507113
73997388
8605
8295686
0229839
236529
539365
876229
2825142
40666274
98050
36360225
8150067
85280975
0955
6661574
086724
25061
17996
68302
8476
1121772
6859501
07808105
79766676
7375133
6774
704408
6237
956934
49624
418433
6531
2499
3769
9719
3513
6949
62443193
837440
8968
3127
0233343
9406668
7999122
35067
01319006
881657
8565
533190
5719817
558100
5552
55937943
133872
42717
9275940
95488
42112
76727
47988070
9733673
00977
861601
41298
65848
328205
082814
47967641
8580337
73410073
99343394
77643626
98446180
260938
82413
6343552
3201336
7189
5277557
90822724
9234451
75846
8550091
98304687
6705940
5366870
50430649
351803
792400
96289769
4990204
09054
78425092
8639796
082205
6311503
768106
4117070
21841
49695106
53631135
12543
20894
79212
15391997
14581069
4493
5221726
0177757
190676
85194
46333947
3103723
2621365
41312
177549
304819
19337223
766787
3275
7220903
808450
17575958
193401
9999
771344
45342370
795299
87920276
3948144
42039777
0397
57783740
524425
406260
091676
0138459
8804
546757
27570
0497
8524016
5464031
0281
84439
38862
65151
43837249
95907408
20527
915834
86346653
2323051
744399
965283
673857
63790325
014864
07548
25862
242274
281787
5355160
57255
557564
0421
47628741
9546
7439
5972
9376
5491692
01670570
3332657
35605437
269605
55761
3411424
24484
329806
25041
7900287
2628
6362461
79591413
130127
88836251
5110848
2398
94103536
3257
9369
30194857
63360
16120212
9063227
1707946
1405742
14406544
78087522
712233
44842
029766
515774
423449
1269703
498460
2601500
01464645
3180378
77689
17216
4012
189947
70223671
10646
8774
4890159
306066
521836
49017545
35684
5670159
51522
2655
30137184
4693950
7722728
33766
82198421
24831037
7652
94740
66159
0133574
04269753
000812
6846933
86707690
30656
4768
6301954
89459
14783
6858
46780
4814
4537465
113349
4510
5244
2778041
8236282
5122714
52325948
1605
225186
43182
6386137
98198701
10749
53208269
4333
93643
26365
8511
817664
51647
0667187
29179993
9319184
9120120
2126
71831
7099
1430949
10607459
5731889
3199151
3860581
79858
7593
0645142
851563
48959638
25138
304974
92964915
2732048
79232
97009986
5421521
29852107
3455
222307
06942946
733974
75519
32399
81425
93268
1399
5927819
697063
4396739
53447236
16153
4979866
631746
178257
1968
6637
565586
7855
913695
634920
7234
49849435
0027688
09660904
2464
81913
37656
0117825
93961421
87077
59339
02262658
70556808
72495
3487
73145548
349052
875011
2159
0484667
9853129
876321
642023
687793
4203
965627
281227
1287
5797940
119936
723669
44364
17578055
97721512
9255408
85368083
1922
5163300
84487077
67384031
50865
10689
2434577
2733240
12538
70103378
91343586
098915
3850
0743
524172
580330
3032486
96534
9021
31741
9310388
61903
81424
693781
82099
5280330
21405
7614141
95409725
03259508
48521904
75120541
32751
2420
69961
82724538
6593
56488
24238036
62160
295692
60210
8844164
75299
664326
2858450
72145
09696
43598278
92289226
758886
949472
702498
9715
2647
34363105
560505
632391
2541391
29699
1350507
1914287
3697
58612180
630371
648892
2917841
31329
7506217
25493476
3216115
36511
60613746
31777
446222
36209937
6719431
79897
91155
84533
72171
05203593
9128
93728
4170185
23934808
9197
37813097
00648432
4454
4430
13536973
07638
6056
5406
5625
84066
77495921
5478
5289
354140
9269
4579
8550
76637530
21212989
173181
52627
5185
43070464
65285053
9109181
304111
695932
33969
14544
86879347
730882
56393141
2302977
0469519
2825
26377661
7120594
6732
0477
8197
6347682
2010718
82113
2901
4353
56937576
76440224
56791414
553729
76261
43579335
422559
7688
6871161
5689369
70723
7471
879526
9513690
8198
7778
36793222
5151
61164
34769281
97158061
3555
25925
76567629
560999
53516
7668
3402774
6219
4426
5485369
500682
72268
249607
6971511
0869
336666
4921825
00103735
17661
3320
428706
95189361
2089267
6569
94646569
4317
2085531
69458
34289
0730
13132230
15553
868586
070060
1112
723677
4599
12870576
5891507
669104
73841136
573404
6733
9364494
0718
69891169
08266317
43275
2646550
5649236
957233
16891
1930
161811
2884045
73146164
52566
23288163
2811957
34377
187368
32135534
4992108
6405700
94719714
26488568
7986235
325871
40437185
9741080
59678
197077
541269
023708
51368
9270155
61634
997975
939363
55222715
32289186
54564
05330411
8340
720864
295412
102143
08623
32959
648202
1785
5764200
9573428
62100749
3921
13285894
3560458
45770
4335284
727726
360469
078914
8431293
3585
0072963
3862
3786749
8951
0698382
4093133
72179211
24471481
8853400
34677550
7849435
404047
012128
258555
07055
35827440
7846
451574
7945817
18519895
9013981
6910
7183
420921
8824
4582231
5904
958317
82484
9508
6140
25729110
8443978
753802
2040157
63618722
8827116
661843
6270756
5270649
3036
3314
960228
09062963
77786
260963
5110
63907
8622
0176
728580
88615
3817068
2237743
6655467
898039
5103263
0769240
81278207
2551
8720
4983
73383
69799882
6626
32736
51922
03279
9402161
99269
9845256
927455
23966
7056001
726315
56765890
14887
774932
14286
3565
167753
11952867
2251554
97601089
48662
65589588
4114
6471165
3958386
37938185
85101
4426270
3392
28085402
2700
46358
1222
8146
692851
4319
92420416
9924009
8056941
993322
18458
00883201
9485
38878934
16030
34035897
513084
414071
68609
7460
06827
8099
095319
5786614
2496
9829
00895
56152
950703
355553
00184
77048
06282032
76048
4224237
9366258
9172
829808
1855
90226
28873358
47503990
10920
91767
41093631
809200
11660657
328442
7783020
49934
2335
549678
23541
93796646
8019826
27508
94633199
327537
39835843
593147
5527
0977
33114020
25653668
4382656
23546597
16438
05938
59519
15818822
1538
3779640
71797
99058053
2832
75274361
0371
03253640
01837
126988
407958
7558
2371
367248
303544
83666096
25823
618800
4245846
1534
12894
37831740
1921
55597
6510091
520303
18789
84605
294034
2219177
6047301
103040
18516791
15826578
156829
74175
31544268
2016064
13920488
28685
647168
040309
5752736
305120
47808
6891
37398998
141141
92791
685082
889042
49022133
60848891
5445267
50827
7251
3074
2571
3550
3648565
69122
76135925
3948745
151137
5629
383233
3537915
4032
8092161
87341
8568047
709913
87667
1805883
84582
59114204
6812
37109
07713
8120148
5365
347329
3370843
45572
84891
15512234
0518
41537615
3625
28761403
81610440
7819
79854313
51760
95456665
8965
9178814
7251630
7614659
6938
1484793
18739
92756
9823
620693
04859
0743
557808
9042
3573721
8479978
194280
9246691
2934
32899
0945
7302105
1739630
28135478
9201
93787
5357974
635958
337601
2670
925497
2409354
2388
7958
93745815
333475
72039
7843359
5941622
3006123
5347368
36893
7715
35328
73312410
82329
9098685
93064133
986745
32844
138888
579387
73492
5971
09573908
57053692
10784
52916647
8307220
01257390
23679958
78390881
748278
57051533
764508
032872
85145770
99958012
54156263
5596
36179
2509
6947
74399421
70899333
1810430
40632
3209941
6517693
61919
784740
8496
08376
452052
56541
819028
2895
8916886
53266722
4720
83936
18564
207649
413534
306217
24146
25855
111246
649572
2604
9152255
2238032
57364
38027
5939
72646
51437465
8735
97206
5317
37280
2834643
052136
6621
82801760
06721
57790765
19404
019123
3128
91692
914756
581407
078864
0809
1575222
476193
57797485
9370877
008140
2435
51093
73533585
4291
64246
84852321
42810297
173592
28896656
384589
5432460
30252493
97265121
0162719
97899523
72720
7798
22445
474396
15242936
25906
00248106
33526167
28325
9191323
42047
01754147
60590873
43667
75334
355999
63736426
261569
2529
56103679
553922
989654
5363
40083592
242165
6988
1850865
4718
543112
94106
02913388
1759
1525
02766
3259273
1263
08368
53896
9954
46644227
6131381
0299
314362
10449
35587528
092556
2124109
673462
6644100
63728
68999
1417752
96754
042573
60376425
4532
9460661
1031
182188
8056
8416727
952401
7268
11579881
33024
12187403
24026
1640
72434888
86822
16527
194054
526378
1435978
03064090
5742
440979
7638452
822648
217481
84442360
167428
380024
99055935
98863463
472505
503478
69834
24274050
2975
33704
32320
29152
4097
88469836
45404642
84953
049274
2114
4218
1815796
79802793
47187533
44908797
54547091
4381
3762
106275
707727
6869020
9359787
99979
8152388
3433
25788862
670189
8359
96055070
07359
709522
020298
7053574
1680066
600002
838529
036693
3164
37459564
65871
9296
75837575
3412403
0431609
8905
49564
821217
6682126
6093687
94129970
4684062
7232
52755
456705
82836582
27991
244547
84156
9551
0318
59725
6375
20156300
77527
9631
55693974
774286
543298
7010
0515482
32689339
7398
075765
7694
1753154
518070
6457913
31994
47382284
116610
50365
83137
96469962
14572
0269
251494
5755316
46423538
619269
9571619
79888
477003
46298317
19346
3675383
13513344
3908328
26761382
734482
0145
8012
37324
8339
4804
33450
3087779
346954
45930321
499247
63942121
54530
12848885
17989507
03475299
1375
4725
9536
9383
20352
003287
2875053
0147852
085863
0869
2634527
068141
96151
2594
5444168
704133
83949
6910516
94407
9276278
5516
1193176
8065860
82346
7981
3725
79756744
789797
9594
16051463
29856793
016351
66655600
4137
06088395
9722647
464720
92719
53258
6789
8795
7608
1726065
466823
05841425
0295247
63814
0189
94698
00679
466403
02010539
89205238
1859
2445
4663
76492
72115461
6184280
245765
7247
68764
70767271
29301397
646362
43206
85795
5978
88593610
52189389
7616817
11600
2017163
49073124
04619627
56692
831010
08951702
7088849
593859
92504341
500053
4577
341910
28376
46160199
367897
5886628
7495
712864
6268249
99379
56700601
49381397
04887
677552
3955
1154
13012521
76061830
784531
7763905
48252
431598
98462
8798
103513
62702477
37874
11290408
1720
9932
28179331
4923
4629531
2005
1470
65435403
3540472
07653658
5801782
997935
713513
65160
12580
26035
13510259
687187
4019231
3418251
62750
0686497
42506
97090050
2039651
40128465
1361
98007165
20084
66939837
69208212
399378
649141
1174890
376568
4193
736868
31716
301397
2418
430179
888397
80624434
4384
844748
1581555
00021
452742
77619
5438327
895690
72292744
242635
7953954
0144852
3440
66122983
0542
9117
73248
07679004
67198554
94085798
5482
78623332
50333599
673865
965713
72101261
79750
9298424
14620
33799799
4736
4312
0558
4257
592651
7389
24567
83694
80337
2367471
6878420
36438884
83310
694289
1751173
95943879
6185582
2202423
6950
33599
15519829
04101039
82790531
90481341
87329952
7386330
4405068
8563
20297605
430919
709977
68492668
9634205
1113
89737087
6439172
2751828
12653416
96148
1039
9676264
1997
91604734
916397
29455
13168
09288
02562
250729
75091
9813
96368939
3582
46297
5877
385606
903385
2640
0852
41134309
815066
57862414
6179
33382
69111
64149762
3226
41989752
49328510
1581592
00185
28366
943278
0630640
49054
7459
534248
6441
3500664
086871
8744811
79550
9956373
75030
35052428
541931
6272253
05212633
258078
24456
72647
2588
11166
06457158
1810582
987080
7507643
8773
436287
5769
61885
448514
95074906
2195650
1372024
681828
9713
9343
3634
90088963
238643
99274
5529
74318834
5193
66195
7091
2877
96125768
3197
6281
302993
15622342
09501
222897
6754319
16515
8872
13527198
4981629
8750
70566645
13921101
384916
3059167
15543010
1236
8322439
973853
1648045
42332
451853
7403
4173256
90122
05003519
788586
0919279
0522494
3280
26557621
5359
4381
89525787
8486
58060896
3733
524375
8071181
3735
2908
43090
2821
6796393
362304
833793
42138
0928
325395
0576
39182
0158135
1937
8418436
206627
5971659
0053150
0708
7684832
09874
0247
41161707
96640393
61543100
141853
0040963
35250172
74982736
62866
72307
457086
98139
349194
1977306
90773609
7990
95760043
2625940
2722
450708
4385523
93643
00004182
54685082
469442
464678
11495931
0325219
52113378
377991
45378
5657473
77791
33291987
88474
2344445
7419
2697858
1952
82765
63212
9772579
09337755
66665
36145
6229670
7291819
74298131
864624
51797243
5769998
9147577
2265
9329
11402893
898963
9088
6965286
91311575
1988979
2078
37009
28707
080142
4293444
5525185
8354
741495
7143142
50323420
4016
00846
3157
29263
7674338
5856
07845
90723521
0043233
78717
6629837
6554651
1164
41918
76209083
1291
10580
4378614
4623261
7982708
62913918
27317003
53950
86264
8349
008020
97770944
85660500
11665141
9813045
841341
07247
456129
0184565
29821923
2747
8022622
11135
3249499
3894076
3689
27269596
1839471
7800
6008546
70184234
3920
9820373
033922
125390
8957
37590042
277992
8330005
6646
5938
6158725
0825252
0779
29231269
16483308
70785
659072
8845
804914
7768915
8746
88483828
7470707
5358403
6630695
57856
8121039
03864
74156
8370632
4617800
68587268
7327997
7055
62307
75522973
9591746
45395898
10080
2887
4694600
4679816
43509059
135180
9053
5523
2602
69888
5875
180788
09268
02609159
014078
2522
69559423
3172829
8307791
81067140
77933782
121804
48362685
9819
6038195
623387
9105
56579245
00117
066848
9095
911439
487887
36753615
9471134
661026
288976
09201423
8555752
78139608
6799
62121850
4095361
19799
069737
0414
6972212
00115484
5830928
760727
221525
3649594
1803490
87244453
64018952
367494
984421
7540996
761349
081465
60401686
847319
4760628
56039727
98111457
584735
14047064
3960851
1024147
38568129
4953975
9416
88154
1019063
62970687
9714
64509766
047374
7285
84974854
579578
74839
12269220
70112592
310614
9139
528114
7212
7248671
65955
55200660
51519
85522171
284221
92268253
493100
042415
40694
071820
2886557
25376557
838044
330425
78597312
141753
685644
94709
6257
0307
5561624
87365634
5014
0915975
5983
01576
21666061
9386
0661
5319
7142168
2669
64069104
77126574
720620
95293447
52026293
76750846
0889365
8092033
9171464
26589377
9251
2276309
99133391
43040
1672
2924821
69468
3585351
1110
4618
62210
1799662
897864
4894418
1890
151653
80338425
162263
8945826
3435
0932
3310270
091680
3015
551787
88606950
3627045
23606
07495
7971
38322351
2290864
1399506
8009
0935515
77224
3340873
5025979
595756
88843117
0999
41569
717493
162119
62971630
78025019
467546
00329964
7824705
771664
3579
8020655
2984428
55065357
6165610
440704
09094
3852177
6676396
886312
066966
07112928
08499545
3828975
3277541
078949
81295778
908870
44164611
85582
30490562
999506
50832
7114958
604801
99993458
48280514
6825
50859957
45314
56754
50288747
9907434
58480666
04708388
77990
09796
7508
04997857
7749014
7084503
055608
6938288
98501462
5834
3855
17823
0051
02903804
72647984
95339766
4295
72658
1987197
9332572
685678
09733
58508
81339450
91783
38728
26874
239646
76261
078397
10517751
7075064
68131
5637615
1530679
21616691
0705965
96156499
10719
24126106
54111
45978183
6173
96509239
775063
16379
200022
5691237
72089
0544434
63875043
1550567
91919
381984
9461017
5369136
9189521
7512892
6393
00561
3347
59862
3761
99076
11271303
67679
360594
20739818
6936
2407938
86100
6603517
7715357
9572810
26248285
66275
60287
5262
03274033
033785
52898464
3463
131581
5661
3734999
3897
6173953
1156607
04820
235198
89347
3368
9237
608836
6460896
80421180
0849170
7556223
68253
9498866
82330435
9003566
358119
1076121
97016144
0074
24196
86200
8341
8265205
423799
0948
42409778
6486110
7325187
33640175
825539
93826007
20394990
06231
479028
749087
479860
54586
116283
47667
01214697
7401
3619
8630454
38213
5973
476638
9270
29080
24565
441247
406454
059419
1031
84731831
07191
722746
6240
8839
243382
59430
0259
9539
2266694
9764172
8320642
775267
02332
32071
68194
039192
88859437
619711
424959
7879959
0832277
552585
06643102
584000
279615
6834410
667997
3027
61046
0038207
525012
10328
512585
8968693
33645175
91415
37584
98933439
21559505
9821
426067
75808
132845
4850
3872
9502792
7942256
161543
459416
49804085
64834171
176415
5632973
665609
02247
910510
8127053
8472691
5668387
86388
79440413
01776583
0257
583580
740204
580979
573756
8828
61118
6506887
92110
4570539
13072906
0781
7764135
4352
339305
4626
203172
03144
48799500
605851
7058
40326783
1585627
9496386
518399
91866182
1916734
23789968
8147280
764916
701679
72010
5009
0907
97831
6763254
0673
24077
0231
6594
405440
359752
44311
189089
2225103
106056
30980
6740185
650630
8740
20713
1434
034375
2354
07447651
8805862
504988
90553359
82333
5842341
46543743
3403
56672379
76686
2935
08193176
35996466
8177316
95646491
919784
7283
87102
855963
6454923
74426
6517
434023
0431315
88722684
653820
9945233
890040
57275
751559
21195
530916
662956
6255863
12441315
842638
5933530
70462721
95787632
4000
895248
1362
93341
46827532
0505749
04356
575562
214818
32188283
9755978
211571
385513
016846
58132889
4043307
46620009
8422906
8465177
954591
99457398
23766323
45055
357132
2545852
966887
045399
37777
10309770
5492446
74761111
01541
79221
44398071
9438
09671148
73272
3962
5634
38308485
89795
8177214
434555
54191164
1877372
72948
233113
63820
45961
9979485
003635
9618
970448
5285358
73071708
295783
21220
6856489
8771679
84478520
7939214
3105
1412201
6619751
600213
6966922
48820
88480789
26618
697812
44974489
626095
0288
13486079
57031813
2084
24285
89550543
53215831
1453
39490
7279123
55070
893442
9676102
09792
32505
0110895
1309148
95274
5851766
3424
6829
1086461
67667137
5289
5035
42247846
39839
36435649
84388760
6086615
30015
49148
80008776
599339
52152122
42387
3254
81523829
14388
1027474
8973
25951
000644
74586
9430
4163458
707987
2021
91859
3196922
28812
69941
10447867
63405654
9726
6464
22507302
7620
5707
8314
6180172
818726
9803
6253488
4112067
02251
36112
385296
285578
81869148
87429
3648
674653
5684
1054462
94846
305581
21083
2607
04605606
676357
67152826
9521467
2562936
7861495
88485
01221630
3609
1885
62566
41052981
24105
1271137
1538
474879
57289997
5455
0617
04547268
916295
427609
49120259
2060
0372939
98132
48210933
80679021
8341
72232796
7512478
8576
9224164
8627
416563
85758131
86997590
36331611
04729
095537
174570
40598
4948
4414
3135124
092427
6743555
0158038
84179
584890
5522445
547721
389509
70392
5341
49029
66053801
1133210
0103
137246
37489
7180871
64288057
5013695
8392
81388
637066
94695
65214040
0038298
00699
80969
90489
56679129
9626
547736
3240
109408
47191912
778734
2377
05521
43256
59655232
5746212
881969
44924190
344436
5523282
99203
573255
630322
8490
4669557
6786911
7413
4585
1112318
0114
08689
99499024
54874206
59607
56336
81834
7509870
65906
91739008
2963740
4045915
98536
29962
935931
6362
655098
4364
3399
803654
03495467
550374
3544
064920
279097
217084
68511
6662247
33199844
7872
634484
99725
2145873
35267
236370
88070657
59896
3114556
29194
14868
6030
02441174
914779
38429616
4636988
89183573
33015
353554
343182
13080861
24511468
6480792
2705190
2870
60467
35787
04352
6797800
17345847
7401
04155834
089141
6494
52949879
791786
88724
7599085
96537
89898808
366365
3265125
0043
6808985
9880774
75420
54588
9102996
52289569
79878
01602
9489898
24416
56388
6180
7536
08996650
811356
351006
653928
7861
2463047
108257
22334666
2014
6891529
524000
910021
1545488
28416
224307
920297
60312
2015490
007481
662127
95503
1470
06862804
92532352
33651
2056
2955751
3937296
36311
58549445
77170
746564
0938377
48444
71735441
37738598
65516960
06368
109667
0358
4423
59814130
00142
656406
31259
0024
5795591
136457
4898791
32099
120678
52980
1550458
4085
76205
40016414
95004
966545
4912921
80944038
265772
662767
64659
45437
8508
5679
8973
2846
7483
17378
0936206
4032
40718
2648513
888509
42966
17639977
28830
98785640
93603867
236684
1416
60324
297510
160439
0020833
72388
0712063
5091161
58606765
8094
86097250
0595549
1496
78295267
104852
32536
040142
13878
14364073
0770
57816
8154770
71663594
40631428
76368057
8574379
94152
598085
062801
66400
658549
30072361
80915
8649688
02454
93192
51766
2983469
0248
08867
0996
54316493
83592861
932872
515660
24272977
185975
5288680
7263600
73565
340545
54797108
9029
92612967
8766684
03281231
81033664
44565
5548
15804
22057649
7073303
2925268
4012269
585802
764261
92218
780737
73696
682348
4388234
5090
6030
22908816
10723
816963
571955
0413334
36131838
081057
31554167
71374
7857357
94413
69608
463964
00695745
7877
101217
71248537
72089609
804357
46643
82784
04944129
5526309
07167
44391
43008935
21193
5624152
2170
3383
92016
91168
45564104
997632
6563502
6789
7773381
8275842
72146
9957
60893
57320
4513134
5882109
7235712
3632789
61711
141178
10853
61239268
473022
8740
8690
68355
6671
80276372
67714724
2222
5617
488307
28530281
90077
769728
76723692
08858
644834
7844943
5617
7224663
5561
72050032
7919
1955
0975277
4692
910229
3723615
0446
4232
5607
36877
71809
45870
63609
291827
6622
5738483
10041179
7001
545633
7495474
26909638
077773
73752937
9692
54554
4789
26964463
8392857
282810
7825766
7813
910525
0629
722773
47642
640833
3620
35923
72791789
1735
5965
0172
616438
1839
0330674
09480
85446760
6990
46640
3300208
25137
5776
602949
372051
37162828
6287
8866
7673
35706
59636
173151
594816
2509
93679
55564333
36606126
0315345
3179664
5527118
83197982
14920
901840
3571
86126109
497853
6232
05325
34451027
6931075
98761730
29216
351390
169554
1029749
1798
925799
46088514
8871208
8844
73609
0904
3047
58194
412690
98906
19225
9946
49980
5622406
01158073
38365558
7419
5644749
53839601
2422
65995993
8438
34891430
90237298
444396
56298992
204971
38177
110720
65157
3320
59430
32282
06693
64234
14313
49785
27625625
2540
55005
0034845
140377
405933
899183
70616843
216761
828951
9428
44759581
28706
1992
879926
46804480
932932
71304
5575
03127
4716
3541
7979
19205071
43158725
02264424
5389058
98682166
026082
6024
389534
990756
1294667
60965426
65073281
63114196
747490
14033375
78309
59760390
19911
74091
52750
15483856
57640599
7351
90800827
71765292
650300
2204
151728
6853
9048
0904
6819044
1228
1496983
93812717
3860
7818517
881135
62418355
3152910
2540392
5780118
19765
2985201
8893005
830295
47052
0111
1833711
9297
65802209
0018
9532151
65500
56543
99266
00248
99913095
53424
91389
607327
1905558
19717
48958
357531
83018
34379
53867
971930
099604
3006
97316
335213
080760
2173641
7554
10572172
57137
1225607
46608
0054
1350017
2295504
5500
63759
48056
1989
29537705
939719
5629
1527751
765867
7957609
20550
52477
3780058
7918
0878
685555
9480802
9872462
44122141
3653406
64412
09365029
9611
45028251
22622
80046
8011
59217
4864215
035153
53181694
0168031
785599
0216
4801
35406243
538409
3190234
188201
9130533
1127
999586
19289257
40400
3512
2347998
6002636
5821354
6037
6657715
479525
1304123
4273990
738808
0653
2594877
13731
5460
69377
8891585
981136
03745386
43859
8433351
710528
71304655
2471180
766797
30187317
71684
324230
6078
63181
077545
77318
0467
88223379
27595372
5122498
12647
4148
185759
370449
04527
5264
04615
6312731
426521
095289
381282
988436
76091486
842053
00158
087675
454838
63165
0879
63533008
06875719
456857
247875
85898
0726
142018
52237055
346805
07270404
396066
3375613
02844
70608244
10394
51847587
478142
70221
48263705
133652
8691
82786068
831345
523159
6373
58997716
16492536
96264
750279
41723068
099312
57809503
66086446
5243
997951
1420036
234709
71274
68213471
9992942
78258
76425
61461
044527
7343785
52678
45799
5232373
09760523
9919
52038005
1269
8501
605604
11904828
1254
98442
414844
92299971
2239151
06080035
886347
1543
17613
19826
10733887
14340
97774
9137422
146340
7843534
331833
35978810
28155
20557
313911
731963
0746109
9325
25130310
0946958
8372
79998211
5717
0339659
882124
44135
1973109
9660154
93927
6591864
6175
65945210
898895
284863
896821
73682
399929
9421
87519822
124031
02760
5594716
11837043
338295
630157
471933
38145617
69454
40701824
5403
0218
88674380
30209
34379053
2446
1165323
06705
6751782
567894
0713
15260928
3235298
8652
02829
570334
080833
7135861
92704955
46872826
0792845
71086574
51636253
403486
53720
624945
86039
89570
3955596
54462
54313325
6810952
054138
804147
332047
19034213
505079
64951
924608
266483
17203921
4350979
46565871
0207973
1512
5940
56872
0936809
6496
42017
399078
03318
96207
66678183
05637
9763
23930175
6831621
9754
070041
5657978
014264
1194301
583365
397070
9151550
423960
305684
055184
328078
0008
9342439
58505
665276
913984
0483
276542
5180793
2031881
1491
15962238
41540290
65479619
26680
6472
07165
18726300
7727
94672592
89390
467879
777957
24153
724792
4547
04830
9558726
93315285
74099671
60829905
08603
4254
10866629
13908714
20577
230128
69621956
3113
51429
551263
71926
8210029
9616525
6900545
19213774
49279
681259
57144
3388
772133
4144
502965
7235
9911002
6887449
051094
69191
769197
529841
52816443
384645
6218
28871
2860
529306
71837574
17602547
98600862
5827
38393
335278
18289951
6244
50020537
7738
6790380
94803
46101
427713
66391579
30287390
4004
93507305
031647
9268206
21927
62989
96317390
139509
61845
676769
105633
4726889
961578
6760569
80160
3160070
33105
36006152
14057
25108985
305976
15515284
82732654
950596
18650680
7118
100854
7893656
8809
4199
325129
18957829
79444
0632703
1915
8781
2814742
331229
401558
27164
5552058
69486449
244243
5274479
5616
18903431
61867376
14285
494838
164489
4654
0094862
237071
3262
784141
0167164
96234
982365
263187
1518629
011606
7573499
01439207
1132499
57074
4030713
839867
364725
317910
3873
680898
732115
7804332
61506379
90737
93413
922373
55199102
76258
05880
09643291
9662557
514743
355878
7014221
9295675
8397147
706922
060507
67469
5069
22464
87127593
203935
5471
7584124
319778
69625392
3570270
8386928
098580
5125
52362478
1221328
500164
4946
74775148
6322470
15073
2580
1022
058738
6510281
6966
65157590
4963
6536851
6116743
0873862
4265185
85510855
3717153
03231402
31091595
93123
8918338
8260
78004455
38274734
1175
254394
1168
718574
9935457
372704
31412
7911501
7210
12194
01070
3720
21532
03105
6755
2745700
47229885
618597
79121
931401
888173
58971
977748
3449
55119359
1840
90143419
7652
589056
0827
9715298
0626
11690802
411977
4286063
005504
8074442
62042
948514
1665
227111
94717870
8542190
4732
67754563
3859
24378535
7447636
48418
9324
37871474
8670
05455532
747727
20406640
163596
22597927
637519
11569
5277
9309824
12092393
7371687
0223
9920
7983233
48904028
34322659
0626130
6985750
7548
8126800
5768045
48985
0245146
24885
410287
48917
597577
30775
35705060
4106552
06717
90737484
820091
7719
7331
13300965
795622
4158621
90198
0042202
134999
696418
8046
95081165
975068
06830032
0260688
7087009
248944
568689
3474
79100914
41224
1658529
738596
87266
095882
2196
06561
32163288
84999
03887
313995
85645587
346043
9298592
998885
467867
7782
21317
2819
899950
02134
709852
3339145
57616
8958672
678148
50781
463421
104589
2861511
39553
9376
9711
49521377
4080
26294757
39562
0156024
81321
34957763
56796183
140546
84155368
1590265
63467718
12343913
9062857
83902
1726
2828600
4341
0949
39593
75937451
1102396
87702
0820
7931
308385
3414
73284018
13658057
252434
7741
1934
7577444
69441
880865
17780
4874
6479
29444341
8942922
9781240
7773798
12543
67954468
78658
3969
50341567
70783097
79706421
9440
7822075
3476
96452
9042190
150281
33474
4490
8742
33319
39599
55130686
45743438
771755
907297
70668
603802
143713
25086274
62204
9639
58929
153099
3971
04883
31354
22257
84178
705983
112848
14657
9749
7159945
7322176
1650
67725335
8861420
7796041
38211658
17845729
97656
4043569
67389135
7864
34403
5893025
6775
8765
4457693
46365274
795622
4471707
19799151
727653
618004
6690
9027090
498740
52846630
76628758
1259
34920
90269531
83414
68787
2401742
53713680
928627
65041
94352744
1289250
33427
974767
4952808
75379497
68878
685430
09974400
41938309
012852
51684551
87170803
592504
61988
7341695
3471
9159779
9472
6812450
0708
13772
94610471
42169230
4593531
46106
8157
3041
4615239
35105006
463265
79458
78744650
22891347
91807862
2623
270446
76110096
5679478
3780048
2568
29619
21814579
1116329
05113245
0330
68384
6039
57280
2180
09663
51217111
02759548
1747261
6479937
525365
5465
04899517
784639
5474084
84112
8879
5115
67152821
5894700
136936
037179
80863
3364
3221635
05535879
39593584
215250
17824
786298
2881218
35119501
467845
10908578
65076420
355940
12966
63098071
1210
23196387
89679526
530702
99277
9181037
4556
7069
2349
2995504
14822910
73857065
7491792
15741
4945
0181959
77477
99305838
8110
87258
69086
7146644
3202
51588
4399585
263103
7993555
06753917
79690665
8075
6917
6117
766502
59953951
83900932
6370
257772
449950
2777
0527
983243
441288
881114
41674
78093
62573179
807636
11254419
8196694
56163
78359
0290540
4604
0907509
693048
9150089
373885
3010598
42627
95422649
60882
13477
0534698
01895
76673
993802
7740948
1701
174164
63519195
8197
086839
38095043
6417129
8479680
1850
9830295
65538
162365
3396
6607344
21624687
9942538
1348784
4874127
8535
76257914
62001
12066712
2664639
7303
4543468
599025
761107
913553
7629
39925
09823
9726297
31024
39296
13678
46027119
5836103
730670
31677
2657069
6177831
882758
0812
7932332
143433
4986312
4928
64618836
07644
88513
624544
0146
273091
16403397
7394
93525
423502
36301642
1601767
70694
1914
9441590
70418
368215
1954166
789480
9967238
33084122
54196
307024
459068
7654
9835
2409
0062
20491
64833
8834
85007
57580
6478
1906687
0533
218869
26404709
72342
950047
05537120
0628
414028
1011
04187700
63826
5262
890361
310721
08444
07648
156594
126654
8928
0516435
3060
41192
10994573
81636315
5766845
21238030
8397734
66853408
97737
4425418
557780
8136077
07524156
383617
4564
93647
7126142
4777527
8941452
6994
83746699
6565
979325
45248
7364
884324
09545
77025622
4958
60330492
17516
8258
901418
13192
94189
09262574
0831462
59218
01397545
3834
056848
99967
75131
40557
6690
27664528
9405
6466
205060
28647
94165507
0384767
58651350
99593038
319527
1798885
396893
74998
2796
3314
486133
60240762
8945
56012917
40532
94635
96707744
36187
0607
56182
197773
38702
6541
88280
1434922
5063452
82489054
70722109
5272
696157
5142
81075395
7550
41317860
86069232
14375881
20858
91527880
29119
5386127
5612
8940573
7969
13215341
2256775
057557
9495215
7120
7222627
26984120
6003596
861575
203084
60244
6768
4473
25166855
7084175
7706491
826238
8931616
4419
63044
0143
532581
43098254
032539
4516
24309
162302
9771
82741221
63798231
3391198
6366
7734912
1618635
93549
3252
463904
96752432
48768890
4539
23373
8090
78557
9528669
85464
04511745
96186900
136153
51920
8973
9766322
1124
806562
60558
918820
94256
5145
0827668
656075
8780300
9952
307231
90683222
76614
83794383
4698979
9949
6456
1058
99215
53767
54157
1206670
63198931
072316
7428
09346818
85243849
34317
7376544
32343
389707
6051
74657244
38594130
04768
7342
521226
637282
216603
83631
19000073
6507171
5702
3097
6822
143295
01719460
4427
39281
5046
2847656
6376240
4456964
2193
5422
39770792
6743524
37151
038414
03821
73501
320669
8334962
7403
92487
732008
55070
472262
35587884
2604972
8918476
18548
9754
5783003
4553
60596
870140
7841
891393
55371572
762370
67260983
8557490
66329
08345289
6851
59284
11864360
0750810
739416
96373
1661
7785
31036
42409
6619804
4451
79972380
10556940
7330
34137
3515
5125234
90869313
070964
98371647
1114000
25152
8722087
5176
223985
20653828
8932
5067694
78744
710697
808348
908757
54105
66365951
3025721
54505
333704
14834254
684997
6383334
6178
768430
3243
052198
51381
6403
522922
46778
34518
2178312
8001
03503
0107
4553845
75148728
495888
375036
3478
40827336
33597473
85124378
08358
88081015
34170
9412
8736650
297983
2695
10164
318033
272022
349863
52348
96474
57161
932941
40462
07139
4403
00580611
4827491
81377008
67525653
054206
67654
5886
9778814
5853141
3596
80858
89669
159684
0827279
81667883
